16 49
PN1
1 8	0 0 0
PN2
2 4	0 0 0
PN3
3 4	0 0 0
PN4
4 4	0 0 0
PN5
5 4	0 0 0
PN6
6 4	0 0 0
PN7
7 8	0 0 0
PN8
8 4	0 0 0
PN9
9 4	0 0 0
PN10
10 4	0 0 0
PN11
11 4	0 0 0
PN12
12 4	0 0 0
PN13
13 4	0 0 0
PN14
14 4	0 0 0
PN15
15 8	0 0 0
PN16
16 4	0 0 0
1
1 2 169.14490828872147
1 5 151.32745950421557
1 6 142.50614021858848
1 7 92.63368717696602
1 8 138.67948658687772
1 12 270.9686328710392
1 13 358.1759344232943
1 15 253.23901753086943
2 5 216.44860821913363
2 6 147.220922426128
2 12 200.94277792446286
2 13 414.36698710201324
2 15 386.99353999776275
3 4 83.38465086573187
3 6 183.63550854886427
3 7 217.03686322834653
3 8 84.581321815162
3 11 159.11316727411344
4 7 151.02979838429235
4 8 84.0535543567314
4 9 186.5502613238588
4 10 223.80571931923456
4 11 125.1718818265508
5 12 175.69291391516052
5 13 212.72047386182646
5 15 186.31693428134759
6 7 213.92755783208483
6 8 123.17467272130257
7 8 149.60280746028798
7 9 132.24598292575845
7 10 266.59519875646674
7 12 334.93432191998477
7 13 350.27560577351085
7 14 306.43270060488
7 15 195.88006534611938
9 10 157.07959765672945
9 11 214.39449619801343
9 14 198.04039991880444
9 15 178.08986495586996
9 16 81.83520025025906
10 11 152.3975065412817
10 14 254.200708102869
10 15 323.18725222384626
12 13 274.04014304477363
12 15 351.0128202786901
13 14 359.7777091483017
13 15 208.09613163151303
14 15 184.71599822430107
14 16 135.05924625881784